27,2
27,1
27,0
26,5
26,4
26,3
26,2
26,1
26,0
25,5
25,4
25,3
25,2
25,1
25,0
24,7
24,6
24,5
24,4
24,3
24,2
24,1
24,0
23,7
23,6
23,5
23,4
23,3
23,2
23,1
23,0
22,3
22,2
22,1
22,0
21,3
21,2
21,1
21,0
20,3
20,2
20,1
20,0
19,6
19,5
19,4
19,3
19,2
19,1
19,0
18,5
18,4
18,3
18,2
18,1
18,0
17,10
17,9
17,8
17,7
17,6
17,5
17,4
17,3
17,2
17,1
17,0
16,6
16,5
16,4
16,3
16,2
16,1
16,0
15,3
15,2
15,1
15,0
14,3
14,2
14,1
14,0
13,6
13,5
13,4
13,3
13,2
13,1
13,0
12,4
12,3
12,2
12,1
12,0
11,10
11,9
11,8
11,7
11,6
11,5
11,4
11,3
11,2
11,1
11,0
10,7
10,6
10,5
10,4
10,3
10,2
10,1
10,0
9,16
9,15
9,14
9,13
9,12
9,11
9,10
9,9
9,8
9,7
9,6
9,5
9,4
9,3
9,2
9,1
9,0
8,6
8,5
8,4
8,3
8,2
8,1
8,0
7,3
5,85
5,84
5,83
5,82
5,81
5,80
5,79
5,78
5,77
5,76
5,75
5,74
5,73
5,72
5,71
5,70
5,69
5,68
5,67
5,66
5,65
5,64
5,35
5,34
5,33
5,32
5,31
5,30
5,29
5,28
5,27
5,26
5,25
5,24
5,23
5,22
5,21
5,20
5,19
5,18
5,17
5,16
5,15
5,14
5,13
5,12
5,11
5,10
5,9
5,8
5,7
5,6
5,5
5,4
5,3
5,2
5,0
4,5
4,4
4,3
4,2
4,0
3,2
3,0
2,2
2,0
1,2
1,0
0,255
0,205
0,204
0,202
0,201
0,199
0,198
0,196
0,195
0,192
0,62
0,61
0,60
0,58
0,57
0,53
0,52
0,51
0,9
0,2
0,0
27,3
28,0
28,2
28,3
29,0
29,1
29,3
30,1
30,2
30,4
31,0
31,2
31,4
31,5
31,7
31,9
31,12
32,0
32,4
32,7
33,0
33,4
33,5
33,8
34,2
34,4
34,7
34,9
35,2
35,4
36,2
36,5
36,6
36,10
37,0
37,3
38,0
38,1
38,4
38,6
39,2
39,4
39,7
40,0
40,2
41,1
41,2
41,6
41,9
42,0
42,3
42,5
43,2
44,1
44,3
45,2
45,4
46,0
46,1
46,5
46,8
46,9
46,13
46,14
47,1
47,4
48,0
48,3
49,0
49,3
50,1
50,4
50,7
51,0
51,3
51,4
52,1
52,5
52,6
53,2
53,4
53,7
53,9
54,1
54,4
54,6
54,9
54,10
55,2
56,1
56,2
57,1
57,3
58,2
58,5
58,7
58,10
59,1
59,4
59,5
60,3
61,1
61,2
61,6
61,7
61,10
62,2
62,3
63,0
63,2
63,5
63,7
64,0
64,3
65,0
65,3
65,4
66,1
66,3
66,4
67,1
67,2
68,0
68,1
68,3
68,5
68,6
68,8
68,9
69,1
69,3
70,0
70,2
70,3
71,0
71,1
71,3
71,5
72,0
72,2
72,3
72,5
72,7
73,0
73,2
73,3
74,1
74,3
75,0
75,2
75,3
76,0
76,1
76,3
76,5
76,6
76,8
76,9
76,11
77,1
77,2
78,0
78,1
78,3
78,4
78,6
79,0
79,1
79,3
79,4
79,6
79,8
79,9
80,1
80,2
80,4
80,5
81,0
81,2
81,3
81,5
81,6
81,8
81,10
81,11
81,13
81,14
81,16
82,1
82,2
82,4
82,5
82,7
83,0
83,2
83,4
83,5
83,7
83,8
83,10
84,1
84,2
84,4
85,0
85,2
85,3
85,5
86,0
86,1
86,3
87,0
87,2
88,0
88,1
88,3
88,4
88,6
89,0
89,2
89,4
89,5
89,7
89,8
89,10
90,1
90,2
90,4
90,5
91,1
91,2
91,4
91,6
92,0
92,2
92,3
93,1
93,3
94,0
94,2
94,3
95,1
95,3
95,4
95,6
95,7
96,1
96,2
96,4
96,6
96,7
97,1
97,2
97,4
98,0
98,1
98,3
98,4
99,0
99,1
99,3
100,1
100,2
100,4
101,0
101,2
102,0
102,1
102,3
102,4
103,1
103,2
103,4
103,6
103,7
103,9
103,10
103,12
104,1
104,2
104,4
104,5
104,7
105,1
105,2
105,4
105,5
105,7
105,8
106,1
106,3
106,4
106,6
106,7
106,9
107,1
107,2
107,4
108,0
108,2
108,3
108,5
108,7
108,8
108,10
109,0
109,2
109,4
109,5
110,0
110,1
110,3
110,4
110,6
111,1
111,2
111,4
111,5
111,7
111,9
112,0
112,2
112,3
113,1
113,3
113,4
113,6
113,7
113,9
114,0
114,2
114,4
114,5
115,1
115,2
116,0
116,2
116,3
117,1
117,2
117,4
117,5
118,0
118,2
118,3
118,5
118,6
118,8
118,10
118,11
118,13
118,14
119,0
119,1
119,3
119,5
120,0
120,2
120,3
121,0
121,2
121,3
122,1
122,2
122,4
122,5
122,7
123,0
123,1
123,3
123,4
124,0
124,2
124,3
124,5
124,6
125,1
125,3
125,4
125,6
125,7
125,9
125,10
126,1
126,3
126,4
126,6
126,7
126,9
126,11
127,0
127,2
127,3
128,1
128,2
129,0
129,2
129,3
130,1
130,2
130,4
130,6
130,7
130,9
130,10
131,1
131,2
131,4
132,0
132,1
132,3
132,4
133,1
133,3
133,4
133,6
133,7
133,9
133,11
134,0
134,2
134,3
134,5
135,0
135,2
135,4
135,5
135,7
135,8
136,0
136,2
136,3
137,0
137,1
137,3
137,4
138,1
138,3
138,4
139,1
139,2
140,0
140,2
140,3
140,5
140,6
140,8
140,9
141,1
141,3
142,0
142,2
142,3
143,0
143,2
143,3
143,5
144,0
144,2
144,3
144,5
144,7
145,0
145,2
145,3
146,1
146,3
147,0
147,2
147,3
148,0
148,2
148,3
148,5
148,6
148,8
148,9
148,11
149,1
149,2
150,0
150,1
150,3
150,5
150,6
151,0
151,1
151,3
151,4
151,6
151,8
151,9
152,1
152,2
152,4
152,6
153,0
153,2
153,3
153,5
153,6
153,8
153,10
153,11
153,13
153,14
153,16
154,1
154,2
154,4
154,5
154,7
155,1
155,2
155,4
155,5
155,7
155,8
155,10
156,1
156,2
156,4
157,0
157,2
157,4
157,5
158,0
158,1
158,3
159,0
159,2
160,0
160,1
160,3
160,4
160,6
161,1
161,2
161,4
161,5
161,7
161,8
161,10
162,1
162,2
162,4
162,5
163,1
163,3
163,4
163,6
164,0
164,2
164,3
165,1
165,3
166,0
166,2
166,3
167,1
167,3
167,4
167,6
167,7
168,1
168,3
168,4
168,6
168,7
169,1
169,2
169,4
170,0
170,1
170,3
170,4
171,0
171,2
171,3
172,1
172,2
172,4
173,0
173,2
174,0
174,1
174,3
174,4
175,1
175,3
175,4
175,6
175,7
175,9
175,10
175,12
176,1
176,2
176,4
176,5
176,7
177,1
177,2
177,4
177,5
177,7
178,0
178,1
178,3
178,4
178,6
178,7
178,9
179,1
179,2
179,4
180,0
180,2
180,4
180,5
180,7
180,8
180,10
181,0
181,2
181,4
181,5
182,0
182,1
182,3
182,5
182,6
183,1
183,2
183,4
183,5
183,7
183,9
184,0
184,2
184,3
185,1
185,3
185,4
185,6
185,7
185,9
186,1
186,2
186,4
186,5
187,1
187,2
188,0
188,2
188,3
189,1
189,2
189,4
189,6
190,0
190,2
190,3
190,5
190,6
190,8
190,10
190,11
190,13
190,14
191,0
191,2
191,3
191,5
192,0
192,2
192,3
193,0
193,2
193,3
194,1
194,2
194,4
194,6
194,7
195,0
195,1
195,3
195,4
196,0
196,2
196,3
196,5
196,6
197,1
197,3
197,4
197,6
197,7
197,9
198,0
198,1
198,3
198,4
198,6
198,7
198,9
198,11
199,0
199,2
199,3
200,1
200,3
201,0
201,2
201,3
202,1
202,2
202,4
202,6
202,7
202,9
202,10
203,1
203,3
203,4
204,0
204,1
204,3
204,4
205,1
205,3
205,4
205,6
205,7
205,9
205,11
206,0
206,2
206,3
206,5
207,1
207,2
207,4
207,5
207,7
207,8
208,0
208,2
208,3
209,0
209,1
209,3
210,0
210,1
210,3
210,4
211,1
211,2
212,0
212,2
212,3
212,5
212,6
212,8
213,0
213,1
213,3
214,0
214,2
214,3
215,0
215,2
215,3
215,5
216,0
216,2
216,4
216,5
216,7
217,0
217,2
217,3
218,1
218,3
219,0
219,2
219,3
220,0
220,2
220,3
220,5
220,6
220,8
220,10
220,11
221,1
221,2
222,0
222,1
222,3
222,5
222,6
223,0
223,1
223,3
223,5
223,6
223,8
223,9
224,1
224,2
224,4
224,6
225,0
225,2
225,3
225,5
225,7
225,8
225,10
225,11
225,13
225,14
225,16
226,1
226,2
226,4
226,5
226,7
227,1
227,2
227,4
227,5
227,7
227,9
227,10
228,1
228,2
228,4
229,0
229,2
229,4
229,5
230,0
230,1
230,3
231,1
231,2
232,0
232,1
232,3
232,4
232,6
233,1
233,2
233,4
233,5
233,7
233,9
233,10
234,1
234,2
234,4
234,5
235,1
235,3
235,4
235,6
236,0
236,2
237,0
237,1
237,3
238,0
238,2
238,3
239,1
239,3
239,4
239,6
239,7
240,1
240,3
240,4
240,6
240,7
241,1
241,3
241,4
242,0
242,1
242,3
242,4
243,0
243,2
243,3
244,1
244,2
244,4
245,1
245,2
246,0
246,1
246,3
246,4
247,1
247,3
247,4
247,6
247,7
247,9
247,11
247,12
248,1
248,2
248,4
248,5
248,7
249,1
249,2
249,4
249,5
249,7
250,0
250,1
250,3
250,4
250,6
250,8
250,9
251,1
251,2
251,4
252,0
252,2
252,4
252,5
252,7
252,8
252,10
253,1
253,2
253,4
253,5
254,0
254,1
254,3
254,5
254,6
255,1
255,2
255,4
255,6
255,7
255,9
256,0
256,2
256,3
257,1
257,3
257,4
257,6
257,7
257,9
258,1
258,2
258,4
258,5
259,1
259,3
260,0
260,2
260,3
261,1
261,2
261,4
261,6
262,0
262,2
262,3
262,5
262,7
262,8
262,10
262,11
262,13
262,14
263,0
263,2
263,3
263,5
264,0
264,2
264,4
265,0
265,2
265,3
266,1
266,2
266,4
266,6
266,7
267,0
267,1
267,3
267,5
268,0
268,2
268,3
268,5
268,6
269,1
269,3
269,4
269,6
269,7
269,9
270,0
270,1
270,3
270,4
270,6
270,8
270,9
270,11
271,0
271,2
271,3
272,1
272,3
273,0
273,2
273,3
274,1
274,3
274,4
274,6
274,7
274,9
274,10
275,1
275,3
275,4
276,0
276,1
276,3
277,0
277,1
277,3
277,4
277,6
277,7
277,9
277,11
278,0
278,2
278,3
278,5
279,1
279,2
279,4
279,5
279,7
279,9
280,0
280,2
280,3
281,0
281,1
281,3
282,0
282,1
282,3
282,4
283,1
283,3
284,0
284,2
284,3
284,5
284,6
284,8
285,0
285,1
285,3
286,0
286,2
286,4
287,0
287,2
287,3
287,5
288,0
288,2
288,4
288,5
288,7
289,0
289,2
290,0
290,1
290,3
291,0
291,2
291,3
292,0
292,2
292,3
292,5
292,6
292,8
292,10
292,11
293,1
293,2
294,0
294,2
294,3
294,5
294,6
295,0
295,1
295,3
295,5
295,6
295,8
295,9
295,7
295,4
295,2
294,7
294,4
294,1
293,3
293,0
292,9
292,7
292,4
292,1
291,4
291,1
290,2
289,3
289,1
288,6
288,3
288,1
287,4
287,1
286,3
286,1
285,2
284,9
284,7
284,4
284,1
283,2
283,0
282,2
281,4
281,2
280,4
280,1
279,8
279,6
279,3
279,0
278,4
278,1
277,10
277,8
277,5
277,2
276,4
276,2
275,5
275,2
275,0
274,8
274,5
274,2
274,0
273,1
272,2
272,0
271,1
270,10
270,7
270,5
270,2
269,10
269,8
269,5
269,2
269,0
268,4
268,1
267,4
267,2
266,8
266,5
266,3
266,0
265,1
264,3
264,1
263,4
263,1
262,15
262,12
262,9
262,6
262,4
262,1
261,5
261,3
261,0
260,1
259,2
259,0
258,3
258,0
257,8
257,5
257,2
257,0
256,1
255,8
255,5
255,3
255,0
254,4
254,2
253,6
253,3
253,0
252,9
252,6
252,3
252,1
251,3
251,0
250,7
250,5
250,2
249,8
249,6
249,3
249,0
248,6
248,3
248,0
247,10
247,8
247,5
247,2
247,0
246,2
245,3
245,0
244,3
244,0
243,1
242,5
242,2
241,5
241,2
241,0
240,5
240,2
240,0
239,5
239,2
239,0
238,1
237,2
236,3
236,1
235,5
235,2
235,0
234,3
234,0
233,8
233,6
233,3
233,0
232,5
232,2
231,3
231,0
230,2
229,6
229,3
229,1
228,3
228,0
227,8
227,6
227,3
227,0
226,6
226,3
226,0
225,15
225,12
225,9
225,6
225,4
225,1
224,5
224,3
224,0
223,7
223,4
223,2
222,7
222,4
222,2
221,3
221,0
220,9
220,7
220,4
220,1
219,4
219,1
218,2
218,0
217,1
216,6
216,3
216,1
215,4
215,1
214,4
214,1
213,2
212,9
212,7
212,4
212,1
211,3
211,0
210,2
209,4
209,2
208,4
208,1
207,9
207,6
207,3
207,0
206,4
206,1
205,10
205,8
205,5
205,2
205,0
204,2
203,5
203,2
203,0
202,8
202,5
202,3
202,0
201,1
200,2
200,0
199,1
198,10
198,8
198,5
198,2
197,10
197,8
197,5
197,2
197,0
196,4
196,1
195,5
195,2
194,8
194,5
194,3
194,0
193,1
192,4
192,1
191,4
191,1
190,15
190,12
190,9
190,7
190,4
190,1
189,5
189,3
189,0
188,1
187,3
187,0
186,3
186,0
185,8
185,5
185,2
185,0
184,1
183,8
183,6
183,3
183,0
182,4
182,2
181,6
181,3
181,1
180,9
180,6
180,3
180,1
179,3
179,0
178,8
178,5
178,2
177,8
177,6
177,3
177,0
176,6
176,3
176,0
175,11
175,8
175,5
175,2
175,0
174,2
173,3
173,1
172,3
172,0
171,1
170,5
170,2
169,5
169,3
169,0
168,5
168,2
168,0
167,5
167,2
167,0
166,1
165,2
165,0
164,1
163,5
163,2
163,0
162,3
162,0
161,9
161,6
161,3
161,0
160,5
160,2
159,3
159,1
158,2
157,6
157,3
157,1
156,3
156,0
155,9
155,6
155,3
155,0
154,6
154,3
154,0
153,15
153,12
153,9
153,7
153,4
153,1
152,5
152,3
152,0
151,7
151,5
151,2
150,7
150,4
150,2
149,3
149,0
148,10
148,7
148,4
148,1
147,4
147,1
146,2
146,0
145,1
144,6
144,4
144,1
143,4
143,1
142,4
142,1
141,2
141,0
140,7
140,4
140,1
139,3
139,0
138,2
138,0
137,2
136,4
136,1
135,9
135,6
135,3
135,1
134,4
134,1
133,10
133,8
133,5
133,2
133,0
132,2
131,5
131,3
131,0
130,8
130,5
130,3
130,0
129,1
128,3
128,0
127,1
126,10
126,8
126,5
126,2
126,0
125,8
125,5
125,2
125,0
124,4
124,1
123,5
123,2
122,8
122,6
122,3
122,0
121,1
120,4
120,1
119,4
119,2
118,15
118,12
118,9
118,7
118,4
118,1
117,6
117,3
117,0
116,1
115,3
115,0
114,3
114,1
113,8
113,5
113,2
113,0
112,1
111,8
111,6
111,3
111,0
110,5
110,2
109,6
109,3
109,1
108,9
108,6
108,4
108,1
107,3
107,0
106,8
106,5
106,2
106,0
105,6
105,3
105,0
104,6
104,3
104,0
103,11
103,8
103,5
103,3
103,0
102,2
101,3
101,1
100,3
100,0
99,2
98,5
98,2
97,5
97,3
97,0
96,5
96,3
96,0
95,5
95,2
95,0
94,1
93,2
93,0
92,1
91,5
91,3
91,0
90,3
90,0
89,9
89,6
89,3
89,1
88,5
88,2
87,3
87,1
86,2
85,6
85,4
85,1
84,3
84,0
83,9
83,6
83,3
83,1
82,6
82,3
82,0
81,15
81,12
81,9
81,7
81,4
81,1
80,6
80,3
80,0
79,7
79,5
79,2
78,7
78,5
78,2
77,3
77,0
76,10
76,7
76,4
76,2
75,4
75,1
74,2
74,0
73,1
72,6
72,4
72,1
71,4
71,2
70,4
70,1
69,2
69,0
68,7
68,4
68,2
67,3
67,0
66,2
66,0
65,1
64,1
63,8
63,3
62,5
62,0
61,9
61,4
60,4
60,1
59,2
58,9
58,4
58,1
57,0
55,3
55,0
54,7
54,2
53,10
53,6
53,1
52,3
52,0
51,1
50,5
50,2
49,1
48,2
47,3
47,0
46,11
46,6
46,3
45,5
45,1
44,0
43,1
42,2
41,7
41,4
40,3
39,8
39,5
39,0
38,3
37,5
37,2
36,8
36,3
36,0
35,0
34,6
34,1
33,7
33,2
32,5
32,2
31,10
31,6
31,3
31,1
30,3
30,0
29,2
28,4
28,1
0,206
0,200
0,197
0,63
